00000000000000000000000000000000
00000000000000000000000000000000
00000000000000000000000000000000
00000000000000000000000000000000
00000000000000000000000000000000
00000000000011110000000000000000
00000000001111111000000000000000
00000000011111111100000000000000
00000000111100001110000000000000
00000000110000000111000000000000
00000001110000000011000000000000
00000001110000000111000000000000
00000001110000001111000000000000
00000001110000011111000000000000
00000001110000111110000000000000
00000000111001111110000000000000
00000000111111101110000000000000
00000000011111001110000000000000
00000000000110001110000000000000
00000000000000001110000000000000
00000000000000001100000000000000
00000000000000011100000000000000
00000000000000011100000000000000
00000000000000011100000000000000
00000000000000011100000000000000
00000000000000011100000000000000
00000000000000111000000000000000
00000000000000011000000000000000
00000000000000010000000000000000
00000000000000000000000000000000
00000000000000000000000000000000
00000000000000000000000000000000
00000000000000000000000000000000
00000000000000000000000000000000
00000000000000000000000000000000
00000000000000000000000000000000
00000000000000000000000000000000
00000000000011110000000000000000
00000000001111111000000000000000
00000000011111111100000000000000
00000000111100001110000000000000
00000000110000000111000000000000
00000001110000000011000000000000
00000001110000000111000000000000
00000001110000001111000000000000
00000001110000011111000000000000
00000001110000111110000000000000
00000000111001111110000000000000
00000000111111101110000000000000
00000000011111001110000000000000
00000000000110001110000000000000
00000000000000001110000000000000
00000000000000001100000000000000
00000000000000011100000000000000
00000000000000011100000000000000
00000000000000011100000000000000
00000000000000011100000000000000
00000000000000011100000000000000
00000000000000111000000000000000
00000000000000011000000000000000
00000000000000010000000000000000
00000000000000000000000000000000
00000000000000000000000000000000
00000000000000000000000000000000
00000000000000000000000000000000
00000000000000000000000000000000
00000000000000000000000000000000
00000000000000000000000000000000
00000000000000000000000000000000
00000000000011110000000000000000
00000000001111111000000000000000
00000000011111111100000000000000
00000000111100001110000000000000
00000000110000000111000000000000
00000001110000000011000000000000
00000001110000000111000000000000
00000001110000001111000000000000
00000001110000011111000000000000
00000001110000111110000000000000
00000000111001111110000000000000
00000000111111101110000000000000
00000000011111001110000000000000
00000000000110001110000000000000
00000000000000001110000000000000
00000000000000001100000000000000
00000000000000011100000000000000
00000000000000011100000000000000
00000000000000011100000000000000
00000000000000011100000000000000
00000000000000011100000000000000
00000000000000111000000000000000
00000000000000011000000000000000
00000000000000010000000000000000
00000000000000000000000000000000
00000000000000000000000000000000
00000000000000000000000000000000
00000000000000000000000000000000
00000000000000000000000000000000
00000000000000000000000000000000
00000000000000000000000000000000
00000000000000000000000000000000
00000000000011110000000000000000
00000000001111111000000000000000
00000000011111111100000000000000
00000000111100001110000000000000
00000000110000000111000000000000
00000001110000000011000000000000
00000001110000000111000000000000
00000001110000001111000000000000
00000001110000011111000000000000
00000001110000111110000000000000
00000000111001111110000000000000
00000000111111101110000000000000
00000000011111001110000000000000
00000000000110001110000000000000
00000000000000001110000000000000
00000000000000001100000000000000
00000000000000011100000000000000
00000000000000011100000000000000
00000000000000011100000000000000
00000000000000011100000000000000
00000000000000011100000000000000
00000000000000111000000000000000
00000000000000011000000000000000
00000000000000010000000000000000
00000000000000000000000000000000
00000000000000000000000000000000
00000000000000000000000000000000
00000000000000000000000000000000
00000000000000000000000000000000
00000000000000000000000000000000
00000000000000000000000000000000
00000000000000000000000000000000
00000000000011110000000000000000
00000000001111111000000000000000
00000000011111111100000000000000
00000000111100001110000000000000
00000000110000000111000000000000
00000001110000000011000000000000
00000001110000000111000000000000
00000001110000001111000000000000
00000001110000011111000000000000
00000001110000111110000000000000
00000000111001111110000000000000
00000000111111101110000000000000
00000000011111001110000000000000
00000000000110001110000000000000
00000000000000001110000000000000
00000000000000001100000000000000
00000000000000011100000000000000
00000000000000011100000000000000
00000000000000011100000000000000
00000000000000011100000000000000
00000000000000011100000000000000
00000000000000111000000000000000
00000000000000011000000000000000
00000000000000010000000000000000
00000000000000000000000000000000
00000000000000000000000000000000
00000000000000000000000000000000
