00000000000000000000000000000000
00000000000000000000000000000000
00000000000000000111000000000000
00000000000000011111100000000000
00000000000000111111110000000000
00000000000011111000110000000000
00000000000011100000111000000000
00000000000010000000111000000000
00000000000000000000111000000000
00000000000000000000111000000000
00000000000000000001110000000000
00000000000000000001100000000000
00000000000000000011100000000000
00000000000000000111000000000000
00000000000000001110000000000000
00000000000000011100000000000000
00000000000000111000000000000000
00000000000001110000000000000000
00000000000011100111000000000000
00000000000111111111100000000000
00000000001111111111110000000000
00000000001111110000100000000000
00000000001100000000000000000000
00000000000000000000000000000000
00000000000000000000000000000000
00000000000000000000000000000000
00000000000000000000000000000000
00000000000000000000000000000000
00000000000000000000000000000000
00000000000000000000000000000000
00000000000000000000000000000000
00000000000000000000000000000000
