00000000000000000000000000000000
00000000000000000000000000000000
00000000000000000000000000000000
00000000000000000000000000000000
00000000000010000000000000000000
00000000000111000000000000000000
00000000000111000000000000000000
00000000001110011111100000000000
00000000001110111111110000000000
00000000001110111111110000000000
00000000001110000000000000000000
00000000001110000000000000000000
00000000001110000000000000000000
00000000000111111000000000000000
00000000000111111110000000000000
00000000000000011111000000000000
00000000000000000011110000000000
00000000000000000001111000000000
00000000000000000000011100000000
00000000000000000000001110000000
00000000000000000000000111000000
00000000000000000000000111000000
00000000000000000000000111000000
00000000000000000000000111000000
00000000000000000000001110000000
00000000001110000000001100000000
00000000001111111111111100000000
00000000000111111111111000000000
00000000000000111111100000000000
00000000000000000000000000000000
00000000000000000000000000000000
00000000000000000000000000000000
