00000000000000000000000000000000
00000000000000000000000000000000
00000000011110000000000000000000
00000000111111110000000000000000
00000001111111111000000000000000
00000011100001111100000000000000
00000011100000001110000000000000
00000011100000000111000000000000
00000001100000000111100000000000
00000001110000001111000000000000
00000000111000011100000000000000
00000000011110111000000000000000
00000000001111110000000000000000
00000000000011110000000000000000
00000000000011111000000000000000
00000000000011011000000000000000
00000000000111001100000000000000
00000000001110001110000000000000
00000000001100000110000000000000
00000000011100000111000000000000
00000000011000000111000000000000
00000000111000000111000000000000
00000000111000000111000000000000
00000000011000000111000000000000
00000000011000001110000000000000
00000000011111111100000000000000
00000000001111111000000000000000
00000000001111110000000000000000
00000000000000000000000000000000
00000000000000000000000000000000
00000000000000000000000000000000
00000000000000000000000000000000
